01010001
01001101
01110010
10110000
01110000
00110011
01110101
01000000
01001100
00011111
01101000
01100100
00001010
01010100
00011100
00100010
00000110
11110100
00010011
01000101
01101110
00000110
01100001
01100100
01000010
11110110
01000100
00011110
00101010
00111111
00110001
00010100
01001011
00100111
10000100
01011011
10101001
01100010
01110110
11010100
01010010
01110011
10110001
01011011
01100011
01100010
01011001
01101011
10110101
10111001
01001100
01011111
11001010
00011001
01110111
01010001
10100010
00010010
01101101
01010011
01011000
00010001
01010010
11101001
01101011
00111001
00100010
01110000
11110101
01111011
01001110
10011001
01000111
10010010
11010010
00110100
01111101
11101100
00011001
10010001
00100111
01100100
11001111
00001001
01011100
00000000
00111111
01011101
10000111
01101111
00101110
00010000
00110001
01011101
01000110
10000100
01100110
00000101
01001011
11000111
00111111
00100000
01011111
01111011
01111000
00000000
11101111
00110010
00110110
00000000
10000101
01100000
01110111
11011000
00110000
00011000
00011101
10001001
01011100
01010001
01000101
01100011
01010011
11000011
11100111
00110011
00100011
10111010
01100001
00011111
00100101
00000010
10101001
01000010
10010100
11001000
00100001
01101111
01010001
00000010
11110010
01011100
00111110
11100110
01110001
01000011
01011111
01010001
11100100
11111001
00001001
00111100
11100011
00000011
00110110
10010110
01010101
01000101
10001011
00110100
10010111
01100110
00110101
01010011
01011011
01001010
00000111
01010000
01101111
10010010
01111010
00111111
01110101
01101101
11111100
10111100
01111111
01100011
01000010
01101011
11011001
00101011
11101101
01011000
00100111
01000110
10110101
01010100
01001011
01110111
10000110
11101110
11110001
01111010
00011110
00110101
00001100
10010000
01100110
01110000
00100110
01011111
01100001
10100110
00010101
01110101
00001010
00101010
11100101
01010111
01011111
00111110
01110100
01011110
00101111
01100001
00010000
00010010
10101111
01000101
00110010
11000110
10011101
01001101
01000111
00100010
01010101
00010010
11110011
10011001
10110110
01001110
01010011
01011101
01101000
01110001
01110000
00100001
00100100
10011110
11010010
00011110
01011111
00011100
01101001
01000111
01100110
01111010
00110001
01110000
01010000
01101110
00110101
01011010
01011111
01000010
01101110
01000011
01110001
10011110
00010100
01100111
01000000
01001101
00010101
00111010
00011100
00110000
01100101
01111100
01000011
00110001
01111110
01110100
01100101
01001001
10100011
01100001
10011100
10011011
10100000
00111100
01101010
01110111
10000100
01100100
10101000
10011110
01110111
01111101
11101011
00101101
10000000
01001001
00100100
11100100
00011010
01011000
01111001
10110000
00110010
01110110
00111111
01100000
01001110
00001010
00100010
00011101
01000000
01010011
10111111
01111110
00110110
11100100
11100001
01000101
01111110
01101100
11100011
00001110
01110001
00011001
01110101
01100000
00000101
01101010
01111101
11111110
00010110
00001001
01111011
01010011
00100111
00111110
01110001
01000100
01111110
01001001
10101010
00110000
01100001
10111001
01111000
00001001
10001011
01110000
00111111
00101101
01110100
11000111
01100111
01001011
10001010
01100110
01110000
00101110
01101011
00000100
00110011
00111110
11010100
11100001
01100001
00100111
01011100
01010000
01001100
00000110
01101010
11010000
01111010
01100110
00101010
10001110
01001111
11100000
00101101
11101101
10011101
00000110
01100001
10001001
11111101
01001110
01101011
10001001
10011011
01001011
10011110
00111111
00100000
01001100
01101100
01111011
01000111
11110101
00011111
01111010
01011101
00001011
01100010
01100011
00011010
10011111
01010000
01101110
01011101
00101010
11010110
10101001
11000001
01011011
01000101
01011110
10100111
00001011
01011000
00011101
01111000
01010010
01011000
11011101
00101001
01010011
01101101
11001010
11010101
01110101
11100011
10100000
11111011
00101010
01100010
01000000
00111110
00000110
00101001
11111110
01111100
10000010
10100110
00001001
11100001
11110000
01110001
00101110
01101110
01001001
01010111
11011111
01111010
01000001
10100000
01001100
00110101
00001110
11110011
00010100
10101011
10100101
00001100
00100010
01100000
00110110
01000110
00110111
11111011
01111000
01001000
00110011
01110011
01000110
00000110
11001110
01010101
00010001
00011011
11011110
01001010
10101111
00100001
10110101
01010101
00010111
01100100
00111110
00100010
01111001
01111101
01100001
00000100
01110000
11010101
00110001
01100010
01111111
01100001
11001100
01101010
01011010
10011111
11010011
00111011
01111110
00110101
01101011
00100111
01101100
10000001
11101101
01110111
00010110
10101100
01010100
00000010
10010100
00111011
01010110
01101011
00010101
01110100
00011110
01000000
01010000
01101110
00000010
10011001
01101110
00011100
01011100
00100001
01101000
01000100
01110101
00101010
00001110
11110011
01010000
00101101
00011110
01111010
01100111
01011101
00011110
01001111
01010000
01101011
01111110
00100001
01111000
01011100
11111100
10110010
01100110
00000011
11011000
01111110
01000100
01101011
11011010
00101101
10111111
00110110
00100010
01110110
11010010
11111011
00101001
00001111
10101000
01100110
01110001
11001000
00111100
00111011
01101111
10110001
10011010
01110110
01010010
10011011
01111000
11101101
01110100
01011101
01101110
01100001
01001000
01011110
10010011
01000000
00100011
00110111
00111011
01110000
01100010
00111101
11110110
01100101
01101110
11010011
00000101
01110111
01010111
00110110
11101011
00100110
10000110
01001111
11111000
01001110
00110000
11100100
01110101
01001110
01010001
01110001
10000111
01010101
01001100
00111100
01100101
01101110
01101110
01010100
00110010
01101010
11011001
00011110
01100111
10011011
10101111
10010100
00001111
01010101
00111001
01111011
01101101
00101000
10111000
01111000
00011111
01100010
01011110
10111110
00111101
01111110
01010110
01001011
00111110
00011101
00000001
10000011
01101100
01101001
00010000
11000111
00100111
00010100
11000011
01111011
00100000
01100000
01000011
01010011
00001100
00100110
00000010
01101010
01100110
11111111
01100011
11101111
00110010
01010101
00000111
00000010
00011010
00000010
10100111
01000110
01011110
11011101
00101001
11100010
11100001
11110100
01001000
01010100
01001010
00101001
11001111
00010101
01100101
01010000
01000011
00110100
11101000
01110110
10001110
01100100
10110011
01010101
00010111
11100011
00000000
01011010
11100011
00101100
11010110
10111010
01100111
11101110
00101110
00101011
01011110
01110100
01011110
01010000
10010011
01000000
00101101
01111011
11110100
01001111
00010010
00111000
01110000
01001001
11101100
00110101
00001100
01101011
10100110
10111001
01111110
01010101
00100000
11001111
11000001
00100011
00010010
01001110
01101010
01111111
11101101
00101111
00100100
00011010
00100011
01001101
01011110
00000101
01000000
01110101
00101011
01010010
01001111
01111110
10110010
01101010
01110100
01111010
11110100
01101101
01001010
00000011
01100100
11110011
01111001
00101000
01111100
00001011
00001101
10101001
10101100
10011001
01011010
01000011
01111001
01000100
01011011
01110110
10110100
01000011
11011101
00000100
01010011
11000100
01010101
00101011
00011101
00010101
01111000
01111111
00011110
00000011
00101101
01101101
01110101
00111011
01111110
01000111
00111011
01100111
01111011
00010100
01110010
11110110
00100111
01010111
01100010
01000010
01001110
01111111
00101111
00101000
01001000
00010011
00101011
01100111
10101111
01101100
00011010
01111111
01011101
01010000
00111000
11110111
01001001
01011101
00110001
00001111
00110011
11111001
01101111
00010111
00111110
00010100
01110100
01001011
00010101
00101110
00101111
11010001
00001110
01101100
11111101
00010001
01001000
00110111
11000110
11110101
01011111
01010100
01011100
11001110
00110000
01110111
00011101
10110001
01110111
01111000
01100101
10111110
01001101
10100111
11010100
00000101
01100111
01011101
01100001
10101000
00110001
00000100
11011111
00101110
01101100
01101010
01100110
01010011
00110000
00010001
01100100
01011111
00000000
01110000
10101110
00010011
01011101
01111010
00011001
01001110
11100111
00110111
00111011
00101010
01100011
01110000
10110001
10100101
01101100
01011010
00011100
00011111
00010110
11011101
00001000
00001001
01101000
11111100
11100011
01110101
01101011
00011011
10010000
00110101
00100011
00001011
01100001
01111001
01100110
00000010
10111101
00010011
11101110
10010000
00111100
01011110
01011000
10011100
00000111
00001010
01111101
00000101
00011001
01111110
00110100
00010101
00000001
01101010
01011111
00110111
01111100
01001001
00100001
01010100
01001111
01010111
01001001
10000101
01100011
10111000
00101011
11001001
01111011
00001110
00100101
00001100
01101000
01100001
00001000
10101101
00100000
01110011
10011010
11111111
01101011
10011011
01001100
01000001
00000010
01110100
10011111
11010111
01100101
00010101
01000011
10110100
01110010
00010110
00001100
10010111
10000001
00001111
00100101
01110010
00110010
00011111
01111101
01000001
01111100
10101000
00101001
01110100
01100110
10001011
01011001
00001011
01110000
