57999
17996
94825
71578
16643
14970
55957
99547
56654
39194
70176
74963
53381
66042
84314
61970
17252
32444
85212
52081
13430
74074
97693
19576
93031
13007
83837
94585
62305
17831
19609
73821
72175
79146
38461
15849
10544
58764
56760
32634
78561
25826
52460
16896
90670
90265
89668
44117
51591
68034
81304
78824
96815
60035
13548
52934
73028
25980
25231
84513
96913
94863
52248
19336
36777
71713
69395
50136
84614
36202
46984
56552
28724
30429
81802
37609
16408
41184
43717
63428
25028
41867
86703
97219
41060
23934
59929
72290
78903
25004
99264
33592
70066
17778
61863
62508
26426
97480
41543
12102
93995
78983
76839
44962
92316
45638
70732
57433
39392
64591
93432
96349
31522
67515
45925
38506
25147
43397
26707
70752
81365
60204
46164
64474
51324
59484
51846
58905
93286
14339
91814
17393
68916
29990
24521
68244
49784
75715
85532
95162
93929
85895
83783
67183
40229
63855
66839
20829
45740
56899
20009
83405
37908
72939
15060
83610
29294
41716
14727
99656
31369
95614
96350
40816
72896
81826
98135
41333
38310
10928
24498
49924
90082
57242
77375
81238
33118
47288
67461
11555
16465
33948
99012
52571
48873
13489
33610
41102
14973
65179
13214
43517
91341
94780
47886
53116
10520
90626
83557
52688
31371
21985
63470
84505
16438
47107
81594
81831
21994
35209
61028
67326
19073
64315
30617
14951
14670
14718
32627
88018
35011
97482
24950
44262
87701
31339
85341
58397
37519
22488
57081
52949
32037
28690
61019
98987
63340
58794
32940
59301
42237
61250
89718
77476
61320
16473
78728
41489
54975
31989
35843
31820
65661
67652
36618
60844
55390
58244
69279
72934
15191
98428
11207
37557
77627
94289
86810
79474
34459
97194
45573
63979
81419
91899
42000
14499
20110
91489
33256
41721
79763
83281
90515
69356
98879
17439
56547
53011
80844
15386
87528
44171
49458
82338
19355
51606
51375
60770
66346
16089
95523
27235
83005
76729
47121
19854
31726
84664
81617
60156
23447
92301
79078
65487
56815
14521
44753
35908
55806
65828
61401
12658
18453
52973
62686
93080
27527
69492
34165
39815
24895
29706
58957
70114
69109
50440
98223
57084
64817
53599
15924
65579
65867
40000
74834
56650
36797
76728
80370
61053
79100
65307
28316
21240
73542
23273
42765
67640
41998
33914
53837
23158
95403
90817
89545
63873
58803
88186
41366
16312
49849
48390
11657
69635
28570
99490
53021
32456
47546
33757
54788
87266
29922
24263
73957
53555
60727
15020
42464
77980
78081
76766
74440
32411
13712
30382
34898
86535
91612
71767
16421
83826
63972
40353
29167
62159
73206
95215
64282
21427
53616
22129
22456
70609
62210
39291
56940
51149
28030
54768
16893
10671
16827
85785
64112
52897
73680
58115
38234
20626
55430
52104
40273
21472
34151
45189
40361
37587
66446
59900
59159
82941
97898
49930
27113
29507
34246
96240
25855
89418
47566
91131
14336
42315
37945
74156
86040
52889
53405
32218
59958
76560
82177
91555
66972
95530
33802
47076
85657
71244
63952
28946
57010
51863
32833
20569
65197
16243
53774
15509
37002
34364
78082
63244
84538
28146
51680
80552
21358
15993
73195
17892
52826
51906
78026
84891
13213
75007
25596
46977
40477
46720
35573
21159
18189
58769
65529
19042
97261
19787
42723
34562
89745
97433
63006
72646
65732
35818
25537
99914
39634
66653
18239
25223
56103
83714
18581
67995
76007
75559
92819
56669
57977
31703
96107
60087
73061
73234
75560
17377
69355
76913
29801
67392
48358
74328
78261
43475
63620
13419
61545
63193
86295
14725
43211
81116
93189
90970
58513
93595
68111
31119
27356
24924
99423
92778
13309
94531
75746
83707
59482
30405
14691
82917
80042
79032
95289
17449
87277
12017
23114
63397
42737
81487
86479
13286
83722
59205
93208
24374
28267
81291
73926
13482
35646
72391
51552
61243
92042
18554
88355
31181
80568
12639
47358
17094
25886
72152
61907
97972
85537
49137
17279
51913
45264
41511
30269
59169
55767
13493
18003
27463
18258
75360
15902
54799
49542
65703
26486
48199
56783
62228
94700
55098
45757
52940
15796
69055
18824
67009
33179
13668
19816
17758
55022
16345
40415
20386
55443
13508
40429
68448
47612
96836
47623
25610
39183
95236
59984
10717
77759
45431
32946
58350
89390
16986
99245
89825
31249
18721
48575
55803
97043
81137
47449
97731
17647
77291
22047
19703
92315
24654
90947
86164
85942
43225
46557
53565
41741
63280
66045
88727
36505
81664
82747
31559
68657
76044
93846
54876
12032
81540
14092
95648
32828
64484
83945
28784
31279
59058
65896
60572
25454
20537
20610
66445
35249
90330
22235
27194
98469
99313
22294
28118
48154
35607
55182
23750
28103
41990
69826
82133
56363
86618
74101
51595
34925
34829
41931
57409
60381
80566
45271
85718
90931
53452
93112
25575
46173
49745
95947
92618
46299
75912
21788
52522
39215
77811
55378
18303
67881
16603
13076
12005
38931
62980
51088
21883
17772
32630
73913
41633
69741
77329
39715
73927
51166
29755
82158
89348
34264
70304
33402
42590
48675
88113
65475
34478
98093
34158
95971
52694
46778
55760
99606
10573
16862
85545
27220
53762
25913
87864
19647
24620
59239
29017
11005
11774
18202
17155
16281
15392
55347
68840
44166
21494
69851
59290
54489
54824
79390
16025
95066
41269
16391
85036
83696
23781
67496
81441
96914
21886
15635
23250
80859
77771
75111
73324
97826
44966
32479
41886
18168
78638
96561
81357
74306
75519
98403
25101
91114
91967
39240
80697
35921
77916
48780
97644
57515
35080
95551
57301
93484
24933
21045
59622
38576
22612
16805
46732
48175
71009
75237
36665
29368
43693
59106
81551
83638
70834
21831
97763
81043
43943
20384
50303
17698
71376
54516
46393
38269
76577
20330
78174
73110
29557
19089
33779
83110
81387
99657
88606
50159
40225
40626
86822
26403
20566
24908
40570
76828
77524
75849
66502
79246
55564
84859
13142
21712
46323
65445
85159
67604
37905
70164
20171
45707
89555
94903
54554
27209
59960
89604
82137
44700
52787
29267
13891
97353
39424
78733
97744
12326
66315
19188
17452
93975
50737
92420
98113
67942
42146
56781
16054
97640
49779
25984
26781
27262
55314
93490
96419
93463
69634
37588
47182
32799
46895
99584
44031
31367
78890
23914
26543
50582
91601
83953
78091
64823
65730
87592
16699
31985
35498
60433
77357
26659
72888
36258
75597
53311
94148
22849
22640
78682
57141
65890
87346
46268
24262
